time,x,y,z,phi,theta,psi,x_velocity,y_velocity,z_velocity,phi_velocity,theta_velocity,psi_velocity,rotor_speed1,rotor_speed2,rotor_speed3,rotor_speed4
0.06,-1.4005534054955728e-06,7.103727657681443e-07,10.00399205197704,0.0005410962832286259,0.0009146038801928214,0.0,-0.00010669530566952888,5.721159570325829e-05,0.13306140116525828,0.02274432632604526,0.03532884072689319,0.0,445.1028683216399,447.98426022163756,447.06135519255866,448.91033381829243
0.12000000000000001,-3.715891362127343e-05,2.190760439687242e-05,10.016814445860557,0.0016414457462641252,0.002693770248225036,0.0,-0.0013056762512928212,0.0007883704385341229,0.2943227732919271,0.007624350063924235,0.014786141981848645,0.0,456.45987895497103,454.8180861221983,456.87583914523356,455.66887927214503
0.18,-0.00017497414404916997,0.00010786129491022886,10.037647501319988,0.0036580357250892703,0.003479905399720984,0.0,-0.003374374770339759,0.002228770299424832,0.40008008326273026,0.061440808450756224,0.009501864466197578,0.0,438.75242311188583,438.3134439298235,436.8940736224248,441.35792827179677
0.23999999999999996,-0.0004736851457289482,0.0003577748221649735,10.070789274927966,0.007151131171119651,0.004194973904940724,0.0,-0.006667685389582045,0.006577170937023897,0.7045055884299486,0.05083953673471688,0.016357957432283188,0.0,496.7802794865205,497.28253809944505,498.89420848444354,498.12161253785035
0.3,-0.0009684082222365167,0.000921137664500736,10.117038400403413,0.011302896474653323,0.005121654621786931,0.0,-0.009924691136785364,0.012600570597087732,0.837039928757964,0.09186811662545379,0.0135526220006239,0.0,448.23324850511096,448.00513897234435,445.4884352323485,448.83341749169847
0.36000000000000004,-0.0016667565637246441,0.0019170980035840323,10.169070548312414,0.01642817150021969,0.006163749430310617,0.0,-0.013443410787846461,0.021113476075244567,0.897311914156296,0.06765083407377441,0.024076180045011632,0.0,424.96050727725105,425.86143831192265,425.33823774542014,423.2655808817671
0.4200000000000001,-0.0026132910974411817,0.0035571973561901275,10.226947162703965,0.02091582610726128,0.00793360317711489,0.0,-0.018281070534169747,0.03401530498946134,1.031786835576294,0.08620519611753717,0.03858461151796073,0.0,448.1413479464332,449.31920493933166,447.6644116733506,449.1756839982448
0.48000000000000015,-0.0038798086331360017,0.006042059531691808,10.291488868909171,0.026106505595279828,0.00999359434067415,0.0,-0.024156469726462952,0.04933064661441468,1.1195070822569262,0.08711625201697651,0.024078903570944266,0.0,435.03089342740964,433.8152252648919,433.8078633996723,433.89073092566656
0.5400000000000001,-0.00556472452762417,0.009623354451554985,10.36395410390846,0.03109968586714551,0.011170305262703906,0.0,-0.03215631205862882,0.07062127597406738,1.2957988989005347,0.0739980778139045,0.008710186204190663,0.0,462.10317803488147,460.89019021219025,462.6748295029325,461.6462902679721
0.6000000000000002,-0.007763251358742328,0.0146221478677118,10.44788085628154,0.035855734367341796,0.012020866033175537,0.0,-0.0412080538884356,0.0965398725727895,1.5014922014333376,0.088135100710671,0.023326998484322792,0.0,470.2812928106818,471.4118868727409,470.6598919081444,471.75722288002174
0.6600000000000003,-0.010516121204294966,0.021255303443276717,10.543126566429601,0.040697192318522646,0.013034637276780003,0.0,-0.050692848419991846,0.12513473492397723,1.6731039191730424,0.05849199683491895,-0.0008262791379740654,0.0,462.7221630359982,460.8169330594405,462.2677492192338,459.93086783937684
0.7200000000000003,-0.013839080568019033,0.02965560888640412,10.64742585120379,0.044163268066477634,0.013113126749756177,0.0,-0.060071833169041834,0.15523811827313597,1.8033243975049447,0.056279628124825946,0.005267872228553823,0.0,449.499866535709,449.99339424326666,449.01295314960015,448.8357207039572
0.7800000000000004,-0.017692014409934054,0.03981467330049743,10.756823754322545,0.047314733001831755,0.013301966766729123,0.0,-0.06838241384323679,0.18369881440393127,1.8431919559030583,0.04369799286537433,-0.0014726437753589255,0.0,421.00307899396057,420.4194395968406,421.61605442426236,420.52962681049064
0.8400000000000004,-0.02204780432515836,0.05174506792613431,10.868757049949114,0.04992611988728424,0.013259944654235412,0.0,-0.07680363857277965,0.2142218602384245,1.887830252592585,0.04317115057079971,0.0008012206207004462,0.0,423.04730559487956,423.24305693208805,422.1668208971262,422.12253141114604
0.9000000000000005,-0.026943669106791048,0.0656894753914243,10.986008968782318,0.05253870355156476,0.012915978334643086,0.0,-0.08637859616031274,0.2508567435476963,2.0203239601331178,0.04427648374225489,-0.023875848642812794,0.0,451.88605816062454,449.8926198077462,450.79516184841066,450.88549554331996
0.9600000000000005,-0.03239121886537833,0.08184793842894754,11.110442231085802,0.05476085462697977,0.011722071236560438,0.0,-0.09506970417712618,0.2880049439858366,2.127241685423657,0.01580215780577559,-0.012940766300061647,0.0,442.65526800801956,443.55418593424594,444.8933112829965,442.5564679457535
1.0200000000000005,-0.038349111002724895,0.10032933624106292,11.242285115905256,0.05549507467339598,0.01084130936532457,0.0,-0.10343452195238216,0.32811655442570176,2.267244730556272,0.003932756553169962,-0.01840526406255389,0.0,454.79715206363716,454.3593948549181,454.1679402820005,453.2148793304074
1.0800000000000005,-0.04479742674503832,0.12127707925129647,11.383370322669501,0.05573546826077003,0.009792989165783084,0.0,-0.1113852059754841,0.37014620233903084,2.435246905055695,0.004153768011016154,-0.01566802901096703,0.0,464.2509829898057,464.4657848004186,462.0842934154447,462.101638327814
1.1400000000000006,-0.05176686659384631,0.14514177263298148,11.541526128556022,0.05583646280609589,0.008677338131033885,0.0,-0.12077138100892294,0.4253159101070198,2.835699984442208,-0.003783256259429959,-0.025203865090396675,0.0,528.8064367091379,528.1492899598359,530.3513486431228,529.8059151439951
1.2000000000000006,-0.05918908901031983,0.17182457881121307,11.71487936198401,0.05648006941679462,0.006762582596625322,0.0,-0.1264630138913215,0.46412345313741904,2.9424658774822494,0.030151122421171475,-0.05077593367771105,0.0,448.46457555613677,446.38213351427333,445.4764655036813,448.24267332351326
1.2600000000000007,-0.06689356455882786,0.2007334009010576,11.892490078661739,0.05864529429035681,0.003346360386889735,0.0,-0.130057711732134,0.49968069456043085,2.977784823264238,0.0458918725337393,-0.07359006482505012,0.0,425.3604488042359,423.3995676549588,424.6785983419212,426.02726934134887
1.3200000000000007,-0.0747496122165526,0.23191904275185007,12.073917720966271,0.06128757171846022,6.282353618752027,0.0,-0.13137794916671194,0.5400945292871743,3.069537796518834,0.04004656165769669,-0.06271222460588177,0.0,443.1221747012504,444.0117491759724,443.2095558525685,442.72997125777493
1.3800000000000008,-0.08259805570425534,0.2657289576292812,12.263235320148818,0.06340023374368897,6.278296710258385,0.0,-0.12980042305494377,0.587125356666619,3.2405525473487304,0.0231684132789417,-0.07986768245966817,0.0,469.0241273392328,467.6865408924979,468.5629798869591,467.2494457248642
1.4400000000000008,-0.09023997120590012,0.3025686827955628,12.465396988890129,0.06484516471653112,6.273320970408875,0.0,-0.12432396842857907,0.6409890295219212,3.4973925825395185,0.02584961167502183,-0.08988328060331899,0.0,494.68577301556564,493.94281589020864,493.7140607453849,493.9118539976302
1.5000000000000009,-0.09748270070946766,0.34232535889806787,12.677580372312335,0.06653125433307139,6.267776567395396,0.0,-0.11656369086040451,0.6843714101093961,3.5751210195382215,0.0322619379032293,-0.09799842116382353,0.0,442.9901556332509,442.3150386535744,441.357732131522,441.8868839023108
1.560000000000001,-0.10412944487355585,0.38479063126117563,12.895493318380778,0.06867657780627301,6.261850880424991,0.0,-0.10438677107724266,0.7313192409291559,3.6882491468726464,0.04195749791341245,-0.1003316497104524,0.0,454.1096362182899,453.9142658059111,453.13362910069236,453.9129385741584
1.620000000000001,-0.10995505183011586,0.430011247940828,13.118637077247996,0.07080310578706772,6.25584272609353,0.0,-0.0892253060259104,0.776241302441047,3.7496354619114807,0.017381770202486477,-0.0997475719594421,0.0,438.8234870746041,438.8631826570494,438.9229907948666,436.8790628480624
1.680000000000001,-0.1147862150206542,0.4778815818595175,13.344317892840586,0.07260385752966858,6.249714427560708,0.0,-0.07126657543473075,0.8195574698373832,3.77294549884525,0.04764083950704004,-0.10740411078951737,0.0,427.45027544503864,426.7876932241263,424.698519302377,427.2864673276908
1.740000000000001,-0.11836005745141695,0.5285263836857093,13.5732827636455,0.07576840594193612,6.243435268546321,0.0,-0.047235799246073754,0.8688741901397479,3.858868660511791,0.061371292890648285,-0.09965454121704304,0.0,446.33440022933263,446.95692923396166,446.6229271522213,447.7432210367535
1.8000000000000012,-0.12016808085095758,0.5825670065465489,13.812236538026145,0.07996544945944795,6.237744149141264,0.0,-0.012346287767670598,0.9328951260994847,4.105308105979014,0.08314968486694581,-0.08666043514066601,0.0,494.8199343551305,495.7689197895394,494.7294890876625,496.333564929268
1.8600000000000012,-0.1199089963742541,0.6402685107068431,14.062396297378049,0.08464192324998798,6.232120010359715,0.0,0.021528560459232036,0.9909548722479502,4.232786742375999,0.06469276798707292,-0.1141859130588995,0.0,462.64937967697085,460.46935768831787,464.0839700813061,462.6373395349112
1.9200000000000013,-0.11724353849524623,0.7019488105964227,14.324876748783657,0.08857120872168611,6.225574092563598,0.0,0.06812602012825203,1.0654509348746137,4.5153578712241,0.06703237428645002,-0.10049423327985793,0.0,507.13056713075986,508.10416759844605,509.24438849256325,509.41429461699664
1.9800000000000013,-0.11205489280857416,0.7675315284646118,14.596824725651793,0.09308556173665483,6.219047981575212,0.0,0.10539087427412189,1.121009623199068,4.549335015819252,0.08798613888586906,-0.13551821879162945,0.0,438.3851607733631,435.4532903755618,436.05968854876505,437.81119913275796
2.0400000000000014,-0.104382638513381,0.8367026518782977,14.872581510869976,0.09893134884313692,6.211085093535971,0.0,0.1511379725293398,1.185207504218912,4.642030472388248,0.1116418326344594,-0.12763197054259431,0.0,455.0664073598133,455.6815341250036,455.6732004174188,457.5681414157346
2.1000000000000014,-0.09399644571002884,0.9095865039728185,15.151277452817713,0.10616633957372468,6.203858308976564,0.0,0.19571913319082052,1.2448513228052058,4.6476476423210045,0.1342077488197414,-0.10898514622760831,0.0,429.0493619668673,430.6159284045114,428.0256225594006,429.95539596340353
2.1600000000000015,-0.08079373292942493,0.9861998458090357,15.430476965868092,0.1138527994569678,6.197451411531016,0.0,0.2449414430322599,1.3096050178361998,4.6587698372105635,0.11170226746764501,-0.1027066788733953,0.0,431.64603524383887,432.1652397804035,432.3418659282324,430.4564852922156
2.2200000000000015,-0.06430208589854869,1.0671202627668606,15.712835725172264,0.12061846949827526,6.190903938848244,0.0,0.30538192525723645,1.3883516016275108,4.752589775352007,0.11479726539268165,-0.12677222204357771,0.0,458.9802746892143,457.05558594075796,458.7094099286063,458.96600544837116
2.2800000000000016,-0.04417673487285369,1.152728262368823,15.999386126048394,0.1273134378731715,6.183416844413795,0.0,0.3661520859822646,1.4658331465073182,4.798668858490972,0.10422958689407603,-0.12108379775382792,0.0,444.51029040265814,444.96210905958696,445.17557624348285,444.32089042476736
2.3400000000000016,-0.020492815753822845,1.2428150469543233,16.286419351909903,0.13352501899435776,6.175970213085078,0.0,0.42393066993850403,1.5375582251279671,4.769020105480586,0.10208266368469382,-0.1309720695699896,0.0,421.421710555115,420.5509720646601,420.7776763509078,420.6017355770479
2.4000000000000017,0.007167346895216193,1.3377744107743201,16.575114221846775,0.14014689243853162,6.167744289382863,0.0,0.4988285264200447,1.6283009109811932,4.853503268805249,0.12319985536226903,-0.15360275282089594,0.0,459.5402888739373,457.7254405514066,456.4614328907267,458.1539057041847
2.4600000000000017,0.039146677063736944,1.4378942029471649,16.865920815553814,0.1472825910192066,6.159100995111315,0.0,0.5679073880674648,1.7096080684614456,4.839820680600156,0.10862416109829753,-0.1297283369329394,0.0,426.20102770719467,428.2162179022074,429.05927386776074,427.8330172037958
2.520000000000002,0.07523276411833339,1.542790201376758,17.15442422216979,0.1541956961484372,6.151109807612004,0.0,0.6356027424851188,1.7874410231916615,4.776960151911132,0.1259070512948191,-0.14118879737853465,0.0,411.74313209366164,410.70976537501684,411.23696100292955,412.7780720011466
2.580000000000002,0.11598134750680306,1.6530047960261127,17.44259001958068,0.16174888583699154,6.142981560317256,0.0,0.7234270847161761,1.8869981124598811,4.827983554632666,0.12584539265992123,-0.12597496610311812,0.0,449.68421982404556,450.8982519658593,448.7127329601285,448.72198688346407
2.640000000000002,0.16237541629299548,1.769582816884486,17.7353083688084,0.1696846096890221,6.1359236420376995,0.0,0.8237039455674368,1.9995855408534793,4.928447179188274,0.1427124851758702,-0.10472326004533555,0.0,465.4336415026526,467.0821510822166,465.5294226865647,466.86253941045726
2.700000000000002,0.21491142077249603,1.893054692388706,18.033888324536708,0.17805720770545452,6.129788504713115,0.0,0.9280368590956635,2.1168520775106976,5.023355724878259,0.1323113369821766,-0.0977225705950388,0.0,465.2793484525592,465.8186168020949,467.4373341057764,466.64295575806824
2.760000000000002,0.2733525188546221,2.0231721874714355,18.335078377322485,0.18590828008007598,6.124085490872627,0.0,1.0204762382167831,2.2210042771813807,5.01595397150838,0.12776171047868773,-0.09018305639649482,0.0,435.2482804131943,435.87102075560665,435.47547214980455,435.1107649233221
2.820000000000002,0.3374580543173365,2.159688601391185,18.6359062868341,0.19327345856383982,6.119349408407121,0.0,1.1167796464770772,2.330111695809544,5.011266161477816,0.11016754596034739,-0.06273008581283489,0.0,436.31280179752366,438.59373616358386,437.5171377969268,436.0633333318402
2.880000000000002,0.40757213075115334,2.303044646859541,18.937317360489526,0.20004300464811298,6.116039798249046,0.0,1.220615293191004,2.4489133984168068,5.035268397053091,0.11766875671476093,-0.04320314719978529,0.0,446.4483053674258,448.0368388873334,447.06860364315065,447.69066634258047
2.940000000000002,0.48358138856195476,2.45318142532102,19.23786783995896,0.2069976340250559,6.11320654331854,0.0,1.3132373693906596,2.5561556167109107,4.982958125535752,0.11214297425761638,-0.05679229064954546,0.0,423.0482465335597,421.87476794948066,423.7345827493947,423.27192585075045
3.000000000000002,0.5663188322149811,2.611201994661952,19.54163533488456,0.21390310728673345,6.109650395498761,0.0,1.4448749932596943,2.711670080233353,5.141376633830345,0.12041271485077065,-0.06474797339305792,0.0,490.5443257521068,489.9509852428188,490.18958851511024,490.8142533525285
3.0600000000000023,0.6563886578715055,2.777913618080464,19.851273718615857,0.22186187223616916,6.1054759746286,0.0,1.5577318347065532,2.845926807508356,5.179217754186553,0.14986381741767524,-0.08158014609684656,0.0,456.58981242082115,455.2410430710454,454.6099420990856,456.9792334463609
3.1200000000000023,0.7531615164228558,2.9526397357711662,20.162330483524432,0.23138660632859231,6.100265056354365,0.0,1.6684010740345059,2.978949546718405,5.188714717653057,0.17229609449900568,-0.1002960766908393,0.0,448.34704060772395,446.8171668504469,448.0209969451806,449.8647089603078
3.1800000000000024,0.8565931783995722,3.135411565576231,20.473495670265724,0.24131376663585868,6.093900168523758,0.0,1.7797864149529785,3.1141719771822665,5.182835462562529,0.1460486322975163,-0.12132541372972266,0.0,445.9670026173518,444.2354999770887,445.3057802475975,443.1786743303292
3.2400000000000024,0.9666000876573636,3.3261709070931036,20.7831277927813,0.24999725726487565,6.086273524936338,0.0,1.887679339218777,3.24504958289329,5.137821982584584,0.1419398667556049,-0.14235032398285288,0.0,433.8572607283418,432.0724146208887,433.0737294208522,432.74809820722646
3.3000000000000025,1.0824940840553838,3.5240203507138217,21.08656253857174,0.25867286573632065,6.078222397663559,0.0,1.9760667739102358,3.3504949430612205,4.9768869645667415,0.14942748500986916,-0.12149562940546743,0.0,391.43032845193704,393.3472097795434,392.1451672792122,392.86276298737823
3.3600000000000025,1.2045720567569973,3.729249589289597,21.383903130881684,0.2674434826560841,6.070751401821642,0.0,2.0937472510351056,3.4910350473669522,4.933971195616371,0.13873105011336534,-0.131363231765055,0.0,435.39507447210354,434.5540130079771,434.13149160990486,433.2533780157977
3.4200000000000026,1.3341790683059174,3.9434527490628972,21.680141795991634,0.27522286261137463,6.063179724428551,0.0,2.227054314272556,3.64953284433063,4.93984853384647,0.0970748703375865,-0.11747447692942349,0.0,451.2648554907511,452.37046316968,453.60086225591687,450.25659459391346
3.4800000000000026,1.472248619491669,4.167673082382025,21.978095685066297,0.28157670005970736,6.055658445143596,0.0,2.3757681744799015,3.824704767123555,4.990925910437185,0.11938271485643433,-0.14980061950304635,0.0,469.28589750351534,466.7552115160283,467.5697133028588,469.31369576563145
3.5400000000000027,1.618721834759042,4.401697699261427,22.27629260472279,0.2888056729697155,6.046968845459148,0.0,2.5073149377469295,3.9764637394255904,4.948388547819019,0.12259511820802033,-0.136388540708215,0.0,438.4366283123875,439.52976259969404,440.1797190134532,440.45876955323314
3.6000000000000028,1.7730918219226592,4.644756029154763,22.571342473815076,0.2958083073871727,6.038868873144601,0.0,2.63892560777485,4.125826535609819,4.886125680279618,0.10110713182464211,-0.13235977997035983,0.0,434.2188790370556,434.5395139783835,434.9127676987506,433.12116019830177
3.660000000000003,1.9351682377031199,4.896483125627819,22.86140171619531,0.3023001387397759,6.030405229069549,0.0,2.764190306634495,4.26536543967467,4.782292961411,0.1195363567297739,-0.170649299887807,0.0,421.5340022365579,418.19003681523975,420.48657165226666,422.09127563278514
3.720000000000003,2.106521542341062,5.158521308875341,23.15116753370142,0.3100230118383722,6.019880967966316,0.0,2.9483264903241277,4.469423982245506,4.8749577101338675,0.14261607246657043,-0.1871737112609317,0.0,486.86495947623644,485.5997747123847,487.09544750393616,488.83192212819955
3.780000000000003,2.287883464322569,5.431499171026239,23.441977961808284,0.3182366566216057,6.008533682492686,0.0,3.097856774250619,4.6301753488122985,4.817950666516584,0.12188356120254458,-0.19332570019142462,0.0,441.6870249351014,441.1441260937513,442.3330859870708,440.6392141498607
3.840000000000003,2.478002241139518,5.713767264601233,23.727960844234154,0.32604996744082904,5.997420905142654,0.0,3.2402074639461778,4.779045818542241,4.7143333590814995,0.14312383602123718,-0.17259169747487466,0.0,425.7785703344731,427.51394416836,425.92710038586864,427.7562360346953
3.900000000000003,2.677674474726659,6.005970000346026,24.0103917029185,0.3343352736863743,5.986843566949641,0.0,3.416199586977247,4.961292829507724,4.698896832375018,0.12541869276459996,-0.18494251104178205,0.0,459.8718907999153,458.8632721964565,458.8579181885491,457.4667456727297
3.960000000000003,2.8889206953358957,6.310087178012633,24.294358639997693,0.34144357693717087,5.97565623484209,0.0,3.626025841491303,5.175953783205808,4.764932549456926,0.09860157950438271,-0.18966229920754865,0.0,488.3103354791351,487.92767512329897,489.05736307087494,487.0662744084922
4.020000000000002,3.111908533469534,6.6260358973712865,24.57903754779531,0.34713336976565845,5.964437468240137,0.0,3.8076034131013343,5.355637222701141,4.723379451565627,0.08596130020064548,-0.18209843770789363,0.0,456.1254332169153,456.6962669380266,456.412574168147,455.4096854821416
4.080000000000001,3.3457648513768,6.952584953840134,24.860563528718924,0.35219425408904037,5.953691922648421,0.0,3.988255166453091,5.529248838054829,4.659989944924016,0.0809113069496119,-0.17367950595711365,0.0,450.0533941117042,450.70392682785234,451.46680209876905,451.06474324173286
4.14,3.591380418965991,7.290328928020336,25.14028339658531,0.35741595543876503,5.943402106967767,0.0,4.199463795531467,5.728650990347305,4.662672664453161,0.09707737133535092,-0.16746005895683636,0.0,475.29200840565136,475.7424126923864,474.5718068412821,475.8169975694832
4.199999999999998,3.8481730852467657,7.638416949297339,25.41568251733801,0.3629937625329047,5.933286876363601,0.0,4.360889365996581,5.8743390508592395,4.5169763169626895,0.08311873895446527,-0.1709389927691917,0.0,426.1152591903714,425.789076400322,426.6912661324982,425.5051910536359
4.259999999999997,4.11555698630373,7.9960126713135296,25.68427292638181,0.36813727180921774,5.922732420946716,0.0,4.5524496569593325,6.045373620801732,4.43522590704758,0.09048279433573511,-0.18835530749710705,0.0,449.5163027455593,448.0724736222696,451.386366473961,451.98632118105326
4.319999999999996,4.393842939681587,8.363169968093425,25.946054978649503,0.37305674490583485,5.911447088538367,0.0,4.724389059819994,6.193153459329073,4.290413900468843,0.05382397945826092,-0.18756208790384032,0.0,429.15368038823044,429.1852692673969,430.71199505910874,427.6046363729749
4.379999999999995,4.682729125934275,8.739317011139901,26.199437633728376,0.37668655583520483,5.901014614892366,0.0,4.905732712279869,6.344866172672306,4.155247150527881,0.07129409181222365,-0.15523837283287314,0.0,432.83393179071345,435.5157056526753,432.6220265030542,434.09360984177584
4.439999999999993,4.984056728658151,9.125855583825256,26.447970940875177,0.38119751841347327,5.891661152951922,0.0,5.138812641810625,6.539356686425499,4.127934216059216,0.08200063138739049,-0.15722761287596426,0.0,473.0709446546075,472.8963146711297,473.9066494310115,474.73313184387973
4.499999999999992,5.297771448630492,9.522497814960122,26.690906205363415,0.3859898340849872,5.882193226870548,0.0,5.318803920266229,6.68194772877957,3.969571465921046,0.07523597771874062,-0.15896469959528947,0.0,429.2631620820712,429.0911005218826,429.19651543780526,428.6271674516063
4.559999999999991,5.622109126686234,9.927433072856624,26.923687640152597,0.39022898287865715,5.872610717229289,0.0,5.492932221620525,6.8157833434299135,3.7896282710407645,0.0594017630125039,-0.1612370926071863,0.0,421.8602932491975,421.63822556384787,421.99099434387324,420.625511477801
4.6199999999999894,5.958680896048484,10.341841970836633,27.149208131379414,0.3941076310954701,5.862816399020307,0.0,5.726401054565533,6.997369994775568,3.7266336614397266,0.07347416113854616,-0.16757021966339922,0.0,466.2917423258085,465.7724990940948,465.0642254142111,466.16830233496364
4.679999999999988,6.30922181672908,10.766971549047188,27.370531557117374,0.3982189431760492,5.852469741498478,0.0,5.958582567351619,7.173170753529929,3.64973288532737,0.05611075007797376,-0.1845899118255502,0.0,463.7507969233975,462.3839918366396,464.6552708513227,463.29488609625093
4.739999999999987,6.673076381535839,11.201979353384855,27.58566782741442,0.4015181402116301,5.841477442957936,0.0,6.170318522284516,7.326664077491015,3.5207808667111165,0.05263881550664469,-0.18057364919804125,0.0,446.90422594089017,447.1992838922376,446.93195965188363,446.65080267156145
4.799999999999986,7.0512978054303534,11.647412823853987,27.79599060651376,0.40565297683435286,5.831116256548626,0.0,6.437203736251605,7.520426291481929,3.4884487413840723,0.0898890794733856,-0.16034244636402634,0.0,483.32102021356167,484.8175393719973,482.2405581636117,485.04984777931884
4.859999999999984,7.445583536244017,12.104373337075724,28.00412594674431,0.4115965123245342,5.822072118014315,0.0,6.705617929346991,7.7110637445277606,3.447817049439397,0.1129536447562572,-0.1363422595128724,0.0,484.61759075502613,486.3990913321045,482.86233285886397,484.6070683547056
4.919999999999983,7.853499481767616,12.57069796946815,28.204994704637187,0.41842337219496617,5.813910155425072,0.0,6.891824075146832,7.833041703742351,3.247538950064133,0.11538494694779611,-0.1354213663013192,0.0,429.1689760830119,429.2293453238283,427.44854326199254,427.6678477338197
4.979999999999982,8.273434161972709,13.044971595069832,28.395224471479764,0.4265818191674411,5.805350558764182,0.0,7.10607259767705,7.975933161312407,3.0927005314075324,0.16030519218147818,-0.16384864171319813,0.0,448.6614423938149,446.32701692094565,444.9973614606249,448.67633825332723
5.0399999999999805,8.706464752854897,13.527972388514979,28.576383424854686,0.43626152000162755,5.795401145018941,0.0,7.328367751175887,8.123965583333366,2.9448587224687133,0.16329736620120933,-0.17009251791059507,0.0,451.9059730868404,451.3763702222374,452.56508263692916,452.8301659271297
